1 0.599823 0.420556 0.079505 0.098889
1 0.759276 0.287222 0.080389 0.098889
1 0.816254 0.606667 0.083039 0.102222
1 0.303445 0.749444 0.078622 0.101111
1 0.145760 0.478889 0.079505 0.097778
1 0.261926 0.497778 0.078622 0.100000
1 0.283127 0.355000 0.078622 0.098889
1 0.368375 0.311667 0.077739 0.098889
0 0.450530 0.359444 0.083039 0.105556
0 0.377208 0.413889 0.083039 0.105556
0 0.538869 0.673333 0.083039 0.106667
0 0.561396 0.851111 0.083922 0.108889
0 0.688604 0.471667 0.083922 0.107778
0 0.791961 0.476667 0.083922 0.108889
2 0.391343 0.147778 0.077739 0.102222
2 0.554770 0.138889 0.077739 0.102222
2 0.651502 0.270556 0.080389 0.098889
2 0.573763 0.566667 0.078622 0.102222
2 0.832155 0.706111 0.083039 0.098889
2 0.412102 0.768889 0.078622 0.102222