2 0.461572 0.272778 0.078622 0.098889
2 0.523852 0.212222 0.077739 0.100000
2 0.403710 0.149444 0.079505 0.101111
2 0.642226 0.159444 0.079505 0.096667
2 0.721731 0.160000 0.077739 0.100000
2 0.617933 0.560556 0.078622 0.101111
1 0.722173 0.518889 0.080389 0.097778
1 0.766343 0.348889 0.080389 0.097778
1 0.631184 0.460556 0.078622 0.098889
1 0.633392 0.257222 0.077739 0.098889
1 0.275177 0.366667 0.078622 0.097778
1 0.225707 0.528889 0.080389 0.100000
1 0.117491 0.263889 0.079505 0.098889
0 0.300795 0.210000 0.083922 0.106667
0 0.220406 0.279444 0.082155 0.105556
0 0.172703 0.367222 0.083922 0.103333
0 0.376325 0.366111 0.083039 0.105556
0 0.402827 0.628333 0.083039 0.107778
0 0.702739 0.418333 0.083922 0.107778
1 0.573763 0.646667 0.076855 0.102222