0 0.300795 0.209444 0.083922 0.105556
0 0.220406 0.279444 0.082155 0.105556
0 0.179329 0.368889 0.083039 0.104444
0 0.468198 0.655556 0.083039 0.106667
0 0.625000 0.385556 0.083922 0.106667
0 0.701855 0.669444 0.083922 0.107778
1 0.739841 0.268889 0.082155 0.100000
1 0.573763 0.171667 0.076855 0.101111
1 0.117933 0.263889 0.078622 0.098889
1 0.303887 0.500556 0.077739 0.098889
1 0.228357 0.527778 0.076855 0.100000
1 0.396643 0.543889 0.077739 0.101111
1 0.488958 0.547222 0.076855 0.101111
1 0.552120 0.748889 0.077739 0.097778
2 0.549912 0.646111 0.078622 0.103333
2 0.507951 0.229444 0.077739 0.101111
2 0.403710 0.149444 0.079505 0.101111
2 0.613516 0.081111 0.078622 0.102222
2 0.667403 0.158889 0.080389 0.100000
0 0.362633 0.436111 0.078622 0.101111